,Year,Argentina,Australia,Austria,Belgium,Bulgaria,Bolivia,Brazil,Botswana,Canada,Switzerland,China,Costa Rica,Cyprus,Germany,Denmark,Spain,Estonia,Finland,France,United Kingdom,Greece,"Hong Kong SAR, China",Hungary,Indonesia,Ireland,Iceland,Israel,Italy,Jordan,Japan,"Korea, Rep.",Lithuania,Luxembourg,Latvia,Mexico,Netherlands,Norway,New Zealand,Philippines,Poland,Portugal,Paraguay,Romania,Russian Federation,Singapore,El Salvador,Serbia,Slovenia,Sweden,Thailand,United States,South Africa
0,1995.0,263941.7,721440.7,300536.7,364273.3,36020.68,10811.53,1301438.0,7336.007,1088585.0,439298.5,1420736.0,18643.85,15683.21,2998005.0,266624.5,997618.2,10521.16,169052.0,2080593.0,1802855.0,214545.6,134472.5,98318.35,412063.9,113198.0,7864.813,135443.5,1952661.0,12064.28,5040929.0,570922.1,20128.51,32553.93,12666.93,732476.7,623588.2,320347.3,91549.91,106664.5,192091.9,189199.6,18388.89,114759.0,914888.2,101088.5,15787.41,25017.32,31363.95,337452.5,199826.3,10161774.0,246081.0
1,1996.0,278378.9,750107.6,306832.4,369087.2,38456.56,11279.47,1326118.0,7511.312,1106971.0,441216.2,1561885.0,18895.02,15878.78,3029725.0,274345.2,1023582.0,11027.83,175238.7,2108613.0,1849405.0,217718.8,140199.0,98409.55,444426.2,121315.9,8224.013,142760.7,1976286.0,12282.53,5200214.0,615971.8,21071.15,33020.09,12939.06,776300.5,643761.5,336454.1,94886.48,112893.9,276105.9,195829.8,18674.2,119243.4,882435.9,108712.3,15920.5,26498.96,32358.35,343263.6,211192.2,10545166.0,256662.6
2,1997.0,300949.2,785460.1,313689.7,383089.1,32924.43,11834.54,1375538.0,8048.923,1154351.0,451075.8,1707284.0,19939.97,16298.17,3088421.0,283037.6,1060312.0,12469.62,186448.7,2161647.0,1940481.0,225638.4,147348.8,101339.5,465713.3,134076.8,8698.678,148698.3,2015329.0,12744.21,5252569.0,653980.7,22830.59,34797.99,14140.46,834042.7,672148.6,354234.4,97878.16,118739.7,293238.5,204448.0,19467.9,113461.2,893444.9,117740.4,16414.93,28833.51,33952.29,354558.9,205451.0,11014212.0,263335.7
3,1998.0,312429.1,822151.8,324494.7,390604.3,34214.57,12428.37,1380438.0,7920.324,1199289.0,464321.8,1840580.0,21359.88,17294.08,3146602.0,289622.2,1105930.0,13043.15,196618.2,2236571.0,2006509.0,233357.5,138680.8,105187.0,405022.8,146132.3,9339.142,153980.8,2048314.0,13153.64,5183332.0,620435.1,24582.27,37114.39,15089.22,885805.0,702788.3,363687.8,98776.16,118232.2,306554.4,214277.8,19506.49,111158.2,847693.0,115204.2,16843.97,30453.7,34956.07,369272.7,189673.3,11507833.0,264652.4
4,1999.0,301986.4,858627.3,336360.4,404442.0,31358.14,12477.49,1386899.0,8569.005,1260944.0,471884.1,1983532.0,22272.34,18158.75,3209234.0,298216.1,1154722.0,12976.68,205249.6,2309499.0,2067875.0,239326.1,142157.1,108309.8,408036.8,160887.2,9715.965,160117.8,2081677.0,13567.65,5170574.0,691580.0,24315.04,40148.45,15474.12,910098.8,737486.6,371223.6,103362.8,121876.0,320459.3,222648.7,19209.55,110739.5,898063.4,121747.6,17205.24,27298.09,36732.19,383804.5,198465.0,12058971.0,271004.1
5,2000.0,299678.3,885234.2,347857.2,419474.7,32680.04,12788.76,1446778.0,8911.75,1325739.0,491290.6,2152526.0,23135.22,19241.99,3308927.0,309321.5,1214724.0,14256.48,217056.6,2409677.0,2157654.0,249472.8,153051.2,113339.9,428133.4,174488.6,10200.32,173457.9,2169222.0,14145.53,5311484.0,755366.6,25132.36,42927.71,16382.11,953520.6,769335.8,383544.3,107418.5,125678.5,335399.2,231145.5,18781.02,113465.0,988368.0,132747.1,17396.42,29012.44,38191.01,402314.2,207304.0,12550632.0,282386.3
6,2001.0,286415.2,908255.9,352327.8,424087.2,33950.6,13008.93,1468145.0,9128.795,1350597.0,499214.8,2332644.0,23941.17,20002.39,3366909.0,312260.2,1262335.0,15090.83,222790.0,2454311.0,2213166.0,261199.6,153909.6,117955.6,443573.0,184196.4,10609.7,174060.9,2209457.0,14859.02,5332349.0,791064.7,26799.79,44242.63,17411.44,951194.4,787325.1,391472.6,109925.7,129498.3,340246.7,235638.0,18641.48,119385.9,1038228.0,131347.3,17546.41,30892.08,39314.18,408516.8,214429.0,12670565.0,290010.7
7,2002.0,255431.4,946033.3,357533.9,431325.9,35904.33,13338.36,1512544.0,9798.019,1391105.0,498937.8,2544574.0,24764.97,20746.95,3360548.0,313685.8,1297185.0,16145.27,226549.2,2481933.0,2252907.0,273500.4,156459.4,123527.8,463391.4,194456.9,10669.07,173808.3,2214886.0,15834.18,5332631.0,852324.7,28550.12,45674.28,18729.96,948896.6,789325.4,396865.4,115535.6,134156.0,346840.6,237454.6,18643.33,126194.4,1087405.0,136440.4,17813.6,32901.86,40563.49,417733.3,227605.0,12886034.0,300742.2
8,2003.0,278220.0,974561.1,361492.9,435802.0,37787.7,13699.69,1530224.0,10328.23,1416234.0,498390.9,2799393.0,25831.54,21291.26,3342264.0,315069.6,1335282.0,17405.54,231105.7,2506678.0,2323926.0,289356.7,161241.3,128265.3,485444.3,202865.8,10897.67,176514.2,2218176.0,16470.31,5416595.0,878531.3,31556.9,46879.1,20327.06,960405.3,790723.2,400615.5,120781.2,141050.3,359124.3,235245.0,19425.81,129148.8,1166587.0,142593.2,18093.41,34418.0,41830.33,426081.5,243894.5,13246277.0,309611.2
9,2004.0,291156.7,1014647.0,370404.1,451365.7,40285.19,14270.79,1613263.0,10468.58,1460029.0,511170.9,3083344.0,26975.15,22361.41,3365702.0,323816.9,1376809.0,18556.09,240363.6,2569896.0,2381046.0,304372.7,175269.3,134462.3,509759.4,215956.5,11747.95,184006.5,2245915.0,17831.3,5533574.0,924071.2,33550.65,48898.22,22096.02,992501.3,804620.2,416698.5,126341.7,150286.8,377563.9,239453.0,20216.71,142616.6,1250163.0,156814.0,18254.31,36687.66,43519.64,441408.8,259197.4,13756013.0,323712.8
10,2005.0,316928.9,1045384.0,379367.9,461846.0,43088.03,14893.26,1672095.0,10998.16,1506903.0,525811.7,3432173.0,28053.35,23446.72,3401171.0,331457.9,1425709.0,20289.8,247038.1,2621026.0,2446112.0,308492.0,188218.4,140269.9,538773.3,229210.4,12467.44,192979.0,2271618.0,19414.29,5634221.0,964344.4,36296.62,50113.19,24621.55,1015489.0,821446.6,427887.3,129409.2,157676.0,390572.0,241325.2,20634.27,149274.1,1329390.0,168344.0,18749.65,38870.45,45334.12,453702.3,270086.4,14235209.0,340795.1
11,2006.0,342432.6,1072775.0,392373.2,473632.5,45994.01,15603.13,1738082.0,11679.03,1546654.0,547642.9,3867091.0,30114.45,24551.85,3538652.0,344107.7,1483390.0,22292.39,256969.2,2697830.0,2504347.0,328157.0,201455.1,146037.3,568402.7,240942.5,13255.01,203282.0,2314621.0,21068.91,5710011.0,1014924.0,38946.55,53134.38,27793.53,1064227.0,851506.0,438419.8,132565.4,166053.2,415074.2,245247.0,21650.94,161259.1,1437371.0,183586.2,19570.62,40420.25,48212.15,476097.4,283525.1,14631690.0,359892.7
12,2007.0,373277.8,1119325.0,406933.3,491048.4,49190.47,16308.41,1841111.0,12353.82,1578359.0,569103.6,4416363.0,32600.69,25803.4,3644401.0,347504.9,1535795.0,23897.23,270619.0,2764930.0,2570083.0,339378.6,214478.9,146584.5,604474.7,253457.5,14375.7,215418.0,2344214.0,22837.7,5794344.0,1074216.0,43269.7,57425.3,30771.3,1086150.0,884486.7,451195.3,137691.6,176787.3,444363.7,251394.1,22828.92,172924.2,1560064.0,200168.1,19936.17,43603.12,51715.25,492230.6,299042.6,14924710.0,379184.6
13,2008.0,388422.5,1148363.0,412528.5,493241.9,52171.01,17314.73,1929176.0,12768.34,1594070.0,584335.1,4844235.0,34136.99,26744.64,3667957.0,346055.0,1547560.0,22794.39,272744.3,2772252.0,2563688.0,339682.0,219042.8,147858.8,649372.4,242482.1,14693.33,221887.3,2319329.0,24504.67,5722470.0,1106490.0,44213.17,57236.71,29832.82,1093925.0,903433.1,453369.7,137042.6,184664.6,463547.2,252196.7,24315.18,189019.1,1645849.0,204021.2,20384.26,45885.4,53287.25,486826.1,304364.9,14941805.0,391284.6
14,2009.0,365433.6,1170924.0,397776.9,483839.8,50362.19,17897.43,1932479.0,10936.32,1547602.0,570868.1,5295405.0,33825.15,26205.43,3466321.0,328840.7,1489253.0,19548.06,250718.6,2696511.0,2445232.0,325703.7,213656.2,137843.2,680042.1,228081.0,13567.27,225063.3,2195859.0,25727.21,5397325.0,1115561.0,37801.05,55364.99,25073.59,1027379.0,870258.2,444572.8,137530.6,187375.6,475921.0,244323.0,24238.56,178591.5,1514940.0,204145.8,19963.74,44421.9,49054.6,466537.7,302251.4,14556810.0,385266.3
15,2010.0,402435.3,1199251.0,404723.0,496954.4,51061.19,18632.39,2078406.0,12072.66,1595435.0,589217.1,5860881.0,35642.28,26803.72,3605313.0,334045.9,1490656.0,19974.27,258658.4,2746285.0,2499842.0,307355.6,228115.9,139233.3,723478.3,229810.1,13182.93,237031.6,2228334.0,26318.42,5618751.0,1193446.0,37904.75,57430.14,24085.76,1078639.0,881286.3,448071.8,140430.0,200893.2,493318.8,248568.3,26936.98,171616.0,1583250.0,233801.4,20375.4,45129.86,49571.46,491812.8,324860.6,14949106.0,396977.4
16,2011.0,426597.3,1232657.0,417064.1,506549.7,52260.69,19609.2,2163940.0,12902.15,1645487.0,600429.3,6422699.0,37215.49,26915.28,3743602.0,338424.7,1481140.0,21438.7,264842.6,2814520.0,2528299.0,277037.2,239099.0,141917.0,768181.7,233807.3,13426.26,250833.1,2247393.0,27045.8,5620743.0,1237461.0,40300.59,58022.34,24792.35,1115875.0,896963.8,453025.9,142842.0,208620.9,519332.5,244309.0,28095.28,179331.2,1651850.0,248251.9,21144.32,45180.36,50086.68,507755.8,327592.2,15183006.0,409555.8
17,2012.0,422218.6,1279362.0,419784.8,507643.0,52520.12,20613.65,2198829.0,12877.3,1674376.0,607675.8,6926658.0,39021.87,25987.13,3767955.0,338406.2,1438693.0,22222.61,260808.3,2820772.0,2566451.0,253778.2,243164.3,140287.2,814468.9,232065.7,13569.07,256392.8,2176058.0,27709.01,5698101.0,1268987.0,42061.69,58970.71,26612.88,1153121.0,888148.7,465339.0,146595.1,223182.3,527750.5,234412.3,27908.4,182745.0,1712056.0,259239.6,21730.81,44966.03,48676.71,507498.8,351169.8,15530517.0,419369.8
18,2013.0,432374.3,1307753.0,418571.4,509193.2,52213.09,22017.57,2268978.0,14291.18,1713319.0,618906.6,7465287.0,40002.65,24275.57,3787141.0,343119.0,1418150.0,22606.75,258256.7,2846604.0,2612645.0,247924.1,250706.1,143149.2,859681.9,239344.2,14186.79,267331.4,2136334.0,28431.83,5814107.0,1310755.0,43789.56,60838.65,27157.67,1165483.0,888261.6,470067.7,149802.8,238220.3,531316.4,232105.5,30203.18,183254.4,1740792.0,271645.9,22211.35,45163.35,48343.68,513150.3,360472.8,15859330.0,429793.0
19,2014.0,421510.4,1341422.0,422294.0,518183.5,52801.1,23221.99,2280675.0,15093.12,1762550.0,633059.8,8017866.0,41415.44,23844.48,3869077.0,347504.0,1439726.0,23303.69,257020.8,2875634.0,2696109.0,250091.1,257631.7,149205.4,902707.8,260762.1,14426.16,278518.7,2137953.0,29390.47,5826481.0,1352891.0,45439.29,62433.98,27739.1,1194787.0,902600.5,479695.3,154670.7,253283.9,551527.4,233826.3,31795.34,190797.1,1749750.0,282372.8,22592.29,44375.25,49586.23,525667.1,364058.1,16259639.0,435869.6
20,2015.0,433022.5,1372815.0,427611.5,525823.6,54550.72,24345.04,2199891.0,14356.79,1774007.0,643023.1,8581309.0,42935.51,24659.28,3923533.0,354817.1,1498213.0,23836.21,258219.8,2903985.0,2756041.0,249500.0,263783.3,154581.9,946727.2,319030.0,15066.19,284314.0,2153890.0,30123.67,5919372.0,1392399.0,46736.52,63857.37,28776.17,1227339.0,921535.3,488604.8,161105.5,269159.9,575329.8,237543.7,32728.41,196820.7,1725168.0,290821.5,23129.09,44933.87,50631.7,547139.8,375519.1,16738747.0,441631.1
21,2016.0,424014.2,1409799.0,436900.4,532097.5,56217.29,25386.14,2123501.0,15393.57,1792430.0,656536.6,9168702.0,44728.61,26280.49,4010307.0,365720.8,1541881.0,24558.71,264861.1,2924966.0,2809004.0,249375.5,269521.8,158319.5,994384.4,324925.9,16015.93,296267.1,2183059.0,30730.95,5962595.0,1436560.0,47932.11,67044.13,29522.46,1246269.0,943835.6,491950.2,167581.2,288561.6,593347.2,242304.4,34123.25,202449.7,1728264.0,301309.1,23711.58,46255.82,52198.72,558594.3,388419.6,17043164.0,444565.9
22,2017.0,435965.1,1443347.0,447416.5,539943.5,57764.6,26438.97,2158086.0,16028.44,1846810.0,665944.8,9801797.0,46589.04,27791.93,4130908.0,376898.7,1586504.0,25863.48,273612.9,2992028.0,2883625.0,252919.4,279753.1,165079.1,1044720.0,360983.5,16687.78,310007.5,2219949.0,31496.25,6063847.0,1485880.0,50230.04,67933.61,30430.24,1272414.0,970094.6,506330.6,174365.9,308809.7,624485.1,250336.0,35743.4,219041.3,1758017.0,314941.6,24242.7,47336.43,55102.56,570311.8,404665.6,17461993.0,449713.8
23,2018.0,424554.2,1483634.0,458053.9,550084.9,59186.7,27561.44,2193870.0,16704.01,1897467.0,684985.6,10461470.0,47804.63,29535.03,4177680.0,383909.4,1624489.0,26831.63,276877.0,3039474.0,2924146.0,257891.8,287717.5,174400.2,1098789.0,387653.6,17503.68,323228.6,2235043.0,32105.22,6102087.0,1533073.0,52614.39,68782.62,31668.38,1297316.0,991962.3,512383.2,181477.7,328216.2,663277.4,257711.7,36885.11,232448.7,1802483.0,326078.9,24833.77,49536.86,57569.03,581821.0,421668.7,17980009.0,456714.8
24,2019.0,416059.4,1512340.0,466219.6,563522.3,61474.98,28198.53,2220522.0,17220.33,1933679.0,692896.8,11090290.0,48934.2,31270.69,4220610.0,390479.3,1656352.0,27803.78,280614.1,3102551.0,2971648.0,263600.0,282905.7,183250.8,1153967.0,408308.5,17829.45,335386.9,2244365.0,32665.67,6077775.0,1568545.0,55121.39,70794.19,32006.17,1292287.0,1014749.0,518074.5,187431.0,348032.5,693750.5,264787.7,36739.92,241568.3,1839757.0,330408.0,25443.77,51861.84,59532.16,596763.8,430681.9,18444603.0,457902.1
25,2020.0,374867.5,1482791.0,435767.1,536512.2,59589.71,25719.55,2141313.0,15709.34,1836256.0,677031.4,11305652.0,46820.87,30263.89,4032433.0,383528.6,1475128.0,27097.6,273626.4,2866974.0,2665660.0,239892.9,264390.2,174995.3,1130712.0,433629.5,16592.01,329133.4,2043450.0,32320.57,5822096.0,1557562.0,55152.12,70171.77,30993.88,1181819.0,975939.4,508571.6,185287.2,315575.6,679646.1,243062.8,36401.74,232692.2,1804656.0,317598.5,23442.36,51404.38,56678.97,583537.6,404206.1,18045629.0,429654.5
26,2021.0,414010.5,1563100.0,457632.4,569790.3,63974.69,27326.13,2250592.0,17594.2,1945523.0,714764.5,12304431.0,50564.87,33709.6,4178606.0,411841.2,1573742.0,29039.16,281107.9,3062740.0,2894265.0,259837.0,281455.0,187380.2,1172352.0,501771.6,17463.79,361463.8,2223149.0,33485.63,5983600.0,1629411.0,58650.51,75193.21,33152.72,1255847.0,1036515.0,529120.5,196280.8,332938.7,726142.8,256574.0,37914.37,245596.6,1893049.0,348369.6,26246.01,55458.64,61518.89,616967.8,410883.3,19138378.0,450943.9
27,2022.0,435828.3,1627717.0,482182.0,593911.6,66606.3,28325.44,2321108.0,18555.02,2027021.0,737114.1,12669705.0,52876.41,36192.99,4239012.0,418183.9,1671029.0,29025.95,285187.7,3142987.0,3034321.0,275032.0,271087.4,195390.7,1234581.0,545263.7,19034.21,384175.4,2330057.0,34373.37,6038823.0,1673855.0,60112.3,76248.03,33892.56,1302333.0,1088418.0,546320.5,200685.0,358349.5,765901.3,274497.8,37985.42,255335.2,1881664.0,361752.9,26979.02,56946.91,63421.29,626600.9,421202.4,19619177.0,459563.6
28,2023.0,428807.1,1661432.0,478129.1,601344.7,67931.55,29166.29,2396185.0,19059.17,2058009.0,742597.9,13330993.0,55590.39,37138.08,4236377.0,428618.7,1715691.0,28120.47,281864.7,3178193.0,3044637.0,281470.1,279969.7,193859.4,1296793.0,514421.6,19993.01,391581.5,2348566.0,35292.9,6127729.0,1697358.0,60421.54,75401.62,34289.11,1345305.0,1089351.0,546926.2,202497.4,378339.6,766670.0,281432.5,39775.46,261474.2,1942990.0,365622.1,27909.95,59117.06,64929.66,626786.3,429079.9,20185719.0,462773.6
29,2024.0,205030.1,1256556.0,355254.8,454938.2,51939.49,14822.31,1845992.0,9288.494,1560093.0,563321.3,10420197.0,43182.32,28777.66,3172547.0,329586.0,1321748.0,20916.48,210470.7,2407314.0,2300360.0,215311.4,215316.2,146210.7,1015536.0,382429.7,15020.55,293528.5,1769577.0,17947.08,4579022.0,1299046.0,46229.72,56698.68,25643.79,1021904.0,822102.5,419992.3,101850.1,297345.3,587058.8,214041.7,20597.99,197137.5,1505408.0,283282.7,14167.64,45857.76,49131.33,472149.0,328959.8,15506744.0,348356.0
