,Year,Argentina,Australia,Austria,Belgium,Bulgaria,Bolivia,Brazil,Botswana,Canada,Switzerland,China,Costa Rica,Cyprus,Germany,Denmark,Spain,Estonia,Finland,France,United Kingdom,Greece,"Hong Kong SAR, China",Hungary,Indonesia,Ireland,Iceland,Israel,Italy,Jordan,Japan,"Korea, Rep.",Lithuania,Luxembourg,Latvia,Mexico,Netherlands,Norway,New Zealand,Philippines,Poland,Portugal,Paraguay,Romania,Russian Federation,Singapore,El Salvador,Serbia,Slovenia,Sweden,Thailand,United States,South Africa
1,1961.0,20726276.0,10483000.0,7086299.0,9183948.0,7943118.0,3778731.0,74605447.0,527942.0,18271000.0,5434294.0,660330000.0,1377920.0,595514.0,73377632.0,4611687.0,30739250.0,1225077.0,4461005.0,47905982.0,52800000.0,8398050.0,3168100.0,10029321.0,90791249.0,2824400.0,179029.0,2185000.0,50536350.0,897591.0,94055000.0,25765673.0,2823550.0,316845.0,2152681.0,37890118.0,11638712.0,3609800.0,2419700.0,28792621.0,29964000.0,8929316.0,1927394.0,18555250.0,121236000.0,1702400.0,2870016.0,6689077.0,1594131.0,7519998.0,27650334.0,183691000.0,16908035.0
2,1962.0,21072538.0,10742000.0,7129864.0,9220578.0,8012946.0,3857493.0,76865323.0,540186.0,18614000.0,5573815.0,665770000.0,1429445.0,601466.0,74025784.0,4647727.0,31023366.0,1241623.0,4491443.0,48389516.0,53250000.0,8448233.0,3305200.0,10061734.0,93375850.0,2836050.0,182378.0,2293000.0,50879450.0,940554.0,94933000.0,26513030.0,2863350.0,320750.0,2181586.0,39129200.0,11805689.0,3638918.0,2482000.0,29723536.0,30308500.0,8993985.0,1973130.0,18676550.0,122591000.0,1750200.0,2949204.0,6740264.0,1603649.0,7561588.0,28481040.0,186538000.0,17418522.0
3,1963.0,21421705.0,10950000.0,7175811.0,9289770.0,8078145.0,3938913.0,79164235.0,552966.0,18964000.0,5694247.0,682335000.0,1481604.0,607252.0,74714353.0,4684483.0,31296651.0,1258857.0,4523309.0,48877567.0,53650000.0,8479625.0,3420900.0,10087947.0,96051424.0,2852650.0,185653.0,2379000.0,51252000.0,984714.0,95900000.0,27261747.0,2898950.0,324100.0,2210919.0,40424065.0,11965966.0,3666537.0,2531800.0,30674731.0,30712000.0,9030355.0,2021909.0,18797850.0,123960000.0,1795000.0,3028679.0,6787950.0,1616971.0,7604328.0,29342322.0,189242000.0,17954564.0
4,1964.0,21769453.0,11167000.0,7223801.0,9378113.0,8144340.0,4022996.0,81488595.0,566266.0,19325000.0,5789228.0,698355000.0,1533960.0,612521.0,75318337.0,4722072.0,31609195.0,1277086.0,4548543.0,49401492.0,54000000.0,8510429.0,3504600.0,10119835.0,98833749.0,2866550.0,188983.0,2475000.0,51675350.0,1035640.0,96903000.0,27984155.0,2935200.0,327750.0,2240623.0,41772049.0,12127120.0,3694339.0,2585400.0,31643032.0,31139450.0,9035365.0,2073119.0,18919126.0,125345000.0,1841600.0,3111883.0,6832855.0,1632114.0,7661354.0,30232141.0,191889000.0,18511361.0
5,1965.0,22112629.0,11388000.0,7270889.0,9463667.0,8204168.0,4109796.0,83817583.0,574664.0,19678000.0,5856472.0,715185000.0,1586208.0,617736.0,75963695.0,4759012.0,31954292.0,1294566.0,4563732.0,49877725.0,54348050.0,8550333.0,3597900.0,10147935.0,101365130.0,2877300.0,192286.0,2563000.0,52112350.0,1099440.0,97952000.0,28704674.0,2971450.0,331500.0,2265919.0,43174477.0,12294732.0,3723168.0,2628400.0,32625316.0,31444950.0,8998595.0,2125177.0,19031576.0,126745000.0,1886900.0,3199466.0,6876624.0,1649160.0,7733853.0,31149337.0,194303000.0,19089380.0
6,1966.0,22453893.0,11651000.0,7322066.0,9527807.0,8258057.0,4199550.0,86139359.0,577866.0,20048000.0,5918002.0,735400000.0,1638116.0,623390.0,76600311.0,4797381.0,32283194.0,1308597.0,4580869.0,50311637.0,54648500.0,8613651.0,3629900.0,10178653.0,103792754.0,2888800.0,195570.0,2629000.0,52519000.0,1178360.0,98851000.0,29435571.0,3008050.0,333895.0,2283217.0,44629106.0,12456251.0,3753012.0,2675900.0,33617170.0,31681000.0,8930990.0,2177584.0,19215450.0,127468000.0,1934400.0,3290961.0,6927969.0,1669905.0,7807797.0,32086071.0,196560000.0,19690087.0
7,1967.0,22799059.0,11799000.0,7376998.0,9580991.0,8310226.0,4292572.0,88446124.0,580933.0,20412000.0,5991785.0,754550000.0,1689523.0,629251.0,76951336.0,4835354.0,32682947.0,1318946.0,4605744.0,50722791.0,54943600.0,8684088.0,3722800.0,10216604.0,106526393.0,2902450.0,198751.0,2745000.0,52900500.0,1271183.0,99879000.0,30130983.0,3044400.0,334995.0,2301220.0,46129608.0,12598201.0,3784539.0,2724100.0,34621320.0,31987155.0,8874520.0,2229994.0,19534242.0,128196000.0,1977600.0,3385184.0,6966522.0,1689528.0,7867931.0,33037801.0,198712000.0,20314066.0
8,1968.0,23150583.0,12009000.0,7415403.0,9618756.0,8369603.0,4388944.0,90741240.0,583966.0,20744000.0,6067714.0,774510000.0,1739731.0,635157.0,77294314.0,4864883.0,33113134.0,1331214.0,4626469.0,51112980.0,55211700.0,8740765.0,3802700.0,10255815.0,109450006.0,2915550.0,201488.0,2803000.0,53235750.0,1372460.0,101011000.0,30838302.0,3078850.0,335850.0,2323619.0,47668303.0,12729721.0,3816486.0,2748100.0,35638342.0,32294655.0,8836650.0,2282391.0,19799831.0,128928000.0,2012000.0,3480773.0,7007586.0,1704546.0,7912273.0,34002560.0,200706000.0,20957287.0
9,1969.0,23508711.0,12263000.0,7441055.0,9646032.0,8434172.0,4488232.0,93045777.0,587066.0,21028000.0,6136387.0,796025000.0,1789276.0,641189.0,77909682.0,4891860.0,33441054.0,1345249.0,4623785.0,51536014.0,55441750.0,8772764.0,3863900.0,10298723.0,112517639.0,2932650.0,203369.0,2877000.0,53537950.0,1473100.0,102219000.0,31544266.0,3107321.0,337500.0,2343173.0,49233194.0,12877984.0,3847707.0,2772800.0,36660799.0,32548300.0,8757705.0,2334992.0,20009141.0,129664000.0,2042500.0,3576485.0,7123249.0,1713874.0,7968072.0,34973782.0,202677000.0,21614676.0
10,1970.0,23878327.0,12507000.0,7467086.0,9655549.0,8489574.0,4590010.0,95375651.0,590334.0,21324000.0,6180877.0,818315000.0,1838949.0,647446.0,78169289.0,4928757.0,33814531.0,1360076.0,4606307.0,52007169.0,55663250.0,8792806.0,3959000.0,10337910.0,115657495.0,2957250.0,204438.0,2974000.0,53821850.0,1565163.0,103403000.0,32240827.0,3139689.0,339171.0,2359164.0,50814953.0,13038526.0,3875763.0,2810700.0,37622204.0,32664300.0,8680431.0,2388028.0,20250398.0,130404000.0,2074507.0,3668796.0,7164993.0,1724891.0,8042801.0,35954408.0,205052000.0,22279984.0
11,1971.0,24257208.0,12937000.0,7500482.0,9673162.0,8536395.0,4694342.0,97739273.0,600481.0,21962032.0,6213399.0,841105000.0,1888539.0,654050.0,78312842.0,4963126.0,34224490.0,1376955.0,4612124.0,52499553.0,55896223.0,8831036.0,4045300.0,10367537.0,118833702.0,2992050.0,206098.0,3069000.0,54073490.0,1645145.0,105697000.0,32882704.0,3179041.0,342421.0,2376389.0,52412558.0,13194497.0,3903039.0,2853000.0,38518659.0,32783500.0,8643756.0,2442537.0,20461567.0,131155000.0,2112900.0,3757523.0,7211716.0,1738335.0,8098334.0,36937387.0,207661000.0,22942143.0
12,1972.0,24644328.0,13177000.0,7544201.0,9711115.0,8576200.0,4800978.0,100146797.0,622407.0,22218463.0,6260956.0,862030000.0,1938248.0,661063.0,78688452.0,4991596.0,34604469.0,1392518.0,4639657.0,52962356.0,56086065.0,8888628.0,4123600.0,10398489.0,122039841.0,3036850.0,209137.0,3148000.0,54381345.0,1714555.0,107188000.0,33505406.0,3213622.0,346600.0,2395674.0,54030168.0,13328593.0,3933004.0,2903900.0,39408560.0,33055650.0,8630430.0,2499881.0,20657957.0,131909000.0,2152400.0,3846830.0,7252012.0,1752233.0,8122300.0,37933929.0,209896000.0,23609456.0
13,1973.0,25046005.0,13380000.0,7586115.0,9741720.0,8620967.0,4910200.0,102600976.0,652408.0,22491777.0,6307347.0,881940000.0,1988343.0,665937.0,78936666.0,5021861.0,34988947.0,1405951.0,4666081.0,53392161.0,56194527.0,8929086.0,4241600.0,10432055.0,125288515.0,3085950.0,212317.0,3278000.0,54751406.0,1778094.0,108707000.0,34103149.0,3244438.0,350450.0,2415819.0,55667284.0,13439322.0,3960612.0,2961300.0,40294130.0,33357200.0,8633100.0,2561102.0,20835681.0,132669000.0,2193000.0,3938068.0,7283902.0,1766697.0,8136312.0,38947787.0,211909000.0,24294263.0
14,1974.0,25461351.0,13723000.0,7599038.0,9772419.0,8678745.0,5022475.0,105089675.0,685448.0,22807969.0,6341405.0,900350000.0,2039643.0,663254.0,78967433.0,5045297.0,35373335.0,1418169.0,4690574.0,53746571.0,56229974.0,8962022.0,4377800.0,10478720.0,128555045.0,3137500.0,215209.0,3377000.0,55110868.0,1839182.0,110162000.0,34692266.0,3273894.0,355050.0,2437186.0,57320149.0,13545056.0,3985258.0,3023700.0,41174341.0,33678899.0,8754365.0,2625621.0,21029429.0,133432000.0,2229800.0,4029671.0,7326043.0,1776132.0,8159955.0,39952891.0,213854000.0,24989108.0
15,1975.0,25874107.0,13893000.0,7578903.0,9800700.0,8720742.0,5137539.0,107619565.0,720380.0,23143275.0,6338632.0,916395000.0,2092719.0,659405.0,78673554.0,5059862.0,35757900.0,1429352.0,4711440.0,54002853.0,56225800.0,9046541.0,4461600.0,10540525.0,131843848.0,3189550.0,217979.0,3455000.0,55441001.0,1899055.0,111573000.0,35280725.0,3301652.0,358950.0,2456130.0,58982400.0,13666335.0,4007313.0,3083100.0,42120826.0,34015199.0,9093470.0,2691648.0,21293583.0,134200000.0,2262600.0,4120449.0,7368717.0,1793581.0,8192437.0,40940005.0,215973000.0,25690940.0
16,1976.0,26282283.0,14033000.0,7565525.0,9818227.0,8758599.0,5256496.0,110213349.0,758508.0,23449808.0,6302504.0,930685000.0,2147774.0,662032.0,78336950.0,5072596.0,36137812.0,1439576.0,4725664.0,54232383.0,56211968.0,9188150.0,4518000.0,10598677.0,135173655.0,3238050.0,220154.0,3533000.0,55718260.0,1958177.0,112775000.0,35848523.0,3328664.0,360731.0,2470989.0,60645512.0,13774037.0,4026152.0,3110500.0,43201488.0,34356300.0,9355810.0,2758836.0,21551634.0,135147000.0,2293300.0,4210310.0,7418973.0,1820249.0,8222286.0,41896504.0,218035000.0,26395450.0
17,1977.0,26701805.0,14192000.0,7568430.0,9830358.0,8804183.0,5379166.0,112875292.0,799574.0,23725843.0,6281174.0,943455000.0,2205025.0,667101.0,78159814.0,5088419.0,36511638.0,1450211.0,4738902.0,54486467.0,56193492.0,9308479.0,4583700.0,10648031.0,138533541.0,3282200.0,221799.0,3613000.0,55955411.0,2019002.0,113872000.0,36411795.0,3355036.0,361358.0,2485073.0,62308493.0,13856185.0,4043205.0,3120200.0,44367962.0,34689050.0,9455675.0,2827874.0,21756096.0,136100000.0,2325300.0,4301256.0,7462783.0,1842377.0,8251540.0,42843974.0,220239000.0,27118952.0
18,1978.0,27132158.0,14358000.0,7562305.0,9839534.0,8814032.0,5504123.0,115600942.0,849239.0,23963203.0,6281738.0,956165000.0,2264510.0,672249.0,78091820.0,5104248.0,36864898.0,1460188.0,4752528.0,54734030.0,56196504.0,9429959.0,4667500.0,10684822.0,141953163.0,3329100.0,223537.0,3690000.0,56155143.0,2083595.0,114913000.0,36969185.0,3379514.0,362007.0,2497921.0,63979046.0,13941700.0,4058671.0,3121200.0,45575281.0,34965600.0,9558250.0,2899269.0,21951464.0,137060000.0,2353600.0,4394114.0,7504017.0,1862548.0,8275599.0,43788976.0,222585000.0,27869507.0
19,1979.0,27568895.0,14514000.0,7549425.0,9848382.0,8825940.0,5630849.0,118380821.0,901742.0,24201544.0,6294365.0,969005000.0,2326490.0,677549.0,78126350.0,5116801.0,37191330.0,1468333.0,4764690.0,54979851.0,56246951.0,9548258.0,4929700.0,10704152.0,145434834.0,3373750.0,225735.0,3786000.0,56317749.0,2153882.0,115890000.0,37534236.0,3397842.0,362856.0,2505953.0,65648865.0,14038270.0,4072517.0,3109000.0,46807103.0,35247217.0,9661265.0,2973968.0,22090488.0,138027000.0,2383500.0,4480388.0,7541997.0,1882599.0,8293678.0,44718434.0,225055000.0,28634162.0
20,1980.0,28011596.0,14692000.0,7549433.0,9859242.0,8861535.0,5758900.0,121207461.0,937485.0,24515667.0,6319408.0,981235000.0,2390633.0,683076.0,78288576.0,5123027.0,37491165.0,1477219.0,4779535.0,55274184.0,56314216.0,9642505.0,5063100.0,10711122.0,148950540.0,3412800.0,228138.0,3878000.0,56433883.0,2234186.0,116807000.0,38123775.0,3413202.0,364150.0,2511701.0,67300334.0,14149800.0,4085620.0,3112900.0,48043740.0,35574150.0,9766312.0,3053235.0,22207282.0,139010000.0,2413945.0,4540382.0,7709544.0,1901315.0,8310531.0,45650022.0,227225000.0,29518857.0
21,1981.0,28463959.0,14923260.0,7568710.0,9858982.0,8891117.0,5888109.0,124063109.0,969996.0,24819915.0,6354074.0,993885000.0,2456637.0,688893.0,78407907.0,5121572.0,37758631.0,1487666.0,4799964.0,55603353.0,56333829.0,9729350.0,5183400.0,10711848.0,152485035.0,3453000.0,230755.0,3956000.0,56501675.0,2325517.0,117661000.0,38723248.0,3432947.0,365225.0,2519421.0,68892108.0,14247208.0,4099702.0,3124900.0,49311727.0,35898587.0,9851362.0,3137604.0,22353070.0,139941000.0,2532835.0,4570599.0,7736787.0,1906531.0,8320503.0,46575855.0,229466000.0,30541044.0
22,1982.0,28924262.0,15184247.0,7574140.0,9856303.0,8917457.0,6018088.0,126923155.0,1009269.0,25116942.0,6391309.0,1008630000.0,2524806.0,696497.0,78333366.0,5117810.0,37986012.0,1498414.0,4826933.0,55806789.0,56313641.0,9789513.0,5264500.0,10705535.0,156052152.0,3485800.0,233860.0,4031000.0,56543548.0,2426927.0,118480000.0,39326352.0,3457179.0,365525.0,2531080.0,70433260.0,14312690.0,4114787.0,3156100.0,50695707.0,36230481.0,9911771.0,3226189.0,22475741.0,140823000.0,2646466.0,4622477.0,7763335.0,1910334.0,8325263.0,47494577.0,231664000.0,31615339.0
23,1983.0,29391332.0,15393472.0,7561910.0,9855520.0,8939738.0,6149060.0,129790077.0,1046137.0,25366451.0,6418773.0,1023310000.0,2595153.0,707225.0,78128282.0,5114297.0,38171525.0,1508745.0,4855787.0,56108330.0,56332848.0,9846627.0,5345100.0,10689463.0,159651381.0,3510600.0,236977.0,4105000.0,56564074.0,2537307.0,119307000.0,39910403.0,3485192.0,365622.0,2546011.0,71971240.0,14367070.0,4128432.0,3199300.0,52194620.0,36571808.0,9957865.0,3318068.0,22560478.0,141668000.0,2681061.0,4707367.0,7788100.0,1922321.0,8329033.0,48423309.0,233792000.0,32739304.0
24,1984.0,29863093.0,15579391.0,7561434.0,9855372.0,8960679.0,6281868.0,132658864.0,1083660.0,25607053.0,6441865.0,1036825000.0,2667595.0,719334.0,77858685.0,5111619.0,38330364.0,1518617.0,4881803.0,56383085.0,56422072.0,9895801.0,5397900.0,10668095.0,163251124.0,3532423.0,239511.0,4159000.0,56576718.0,2654688.0,120083000.0,40405956.0,3514205.0,365998.0,2562047.0,73506846.0,14424211.0,4140099.0,3227100.0,53726181.0,36904134.0,9996232.0,3412936.0,22640547.0,142745000.0,2732221.0,4798003.0,7813549.0,1932154.0,8336605.0,49351708.0,235825000.0,33892788.0
25,1985.0,30336441.0,15788312.0,7564985.0,9858308.0,8960547.0,6416185.0,135515595.0,1121945.0,25842116.0,6470365.0,1051040000.0,2741894.0,731277.0,77684873.0,5113691.0,38469512.0,1528781.0,4902206.0,56665619.0,56550268.0,9934300.0,5456200.0,10648713.0,166776185.0,3538082.0,241405.0,4233000.0,56593071.0,2778810.0,120837000.0,40805744.0,3544543.0,366706.0,2578873.0,75043414.0,14491632.0,4152516.0,3247100.0,55213006.0,37201885.0,10023613.0,3510671.0,22732999.0,143858000.0,2735957.0,4894706.0,7835902.0,1941641.0,8350386.0,50270753.0,237924000.0,35042093.0
26,1986.0,30811980.0,16018350.0,7569794.0,9861823.0,8958171.0,6552479.0,138336370.0,1160650.0,26100278.0,6504124.0,1066790000.0,2817216.0,743105.0,77720436.0,5120534.0,38584624.0,1540190.0,4918154.0,56956002.0,56681396.0,9967213.0,5524600.0,10630564.0,170175065.0,3539690.0,243180.0,4299000.0,56596155.0,2909887.0,121482000.0,41213674.0,3578914.0,368355.0,2599892.0,76585637.0,14572278.0,4167354.0,3246300.0,56645077.0,37456119.0,10032734.0,3611474.0,22836841.0,144894000.0,2733373.0,4992769.0,7853824.0,1965964.0,8369829.0,51177834.0,240133000.0,36180515.0
27,1987.0,31291762.0,16263874.0,7574586.0,9870234.0,8971359.0,6692162.0,141104944.0,1199167.0,26446601.0,6545106.0,1084035000.0,2892699.0,754785.0,77839920.0,5127024.0,38684815.0,1552221.0,4932123.0,57266167.0,56802050.0,10000595.0,5580500.0,10612741.0,173511154.0,3540057.0,245859.0,4369000.0,56601931.0,3047634.0,122069000.0,41621690.0,3616367.0,370750.0,2626583.0,78136651.0,14665037.0,4186905.0,3274400.0,58157496.0,37668045.0,10030031.0,3714889.0,22949430.0,145908000.0,2774789.0,5092441.0,7868027.0,1989776.0,8397804.0,52074105.0,242289000.0,37326190.0
28,1988.0,31780532.0,16532164.0,7585317.0,9901664.0,8981446.0,6835508.0,143826357.0,1235476.0,26791747.0,6593386.0,1101630000.0,2968103.0,766235.0,78144619.0,5129516.0,38766939.0,1561900.0,4946481.0,57598186.0,56928327.0,10036983.0,5627600.0,10596487.0,176855065.0,3524949.0,249740.0,4442000.0,56629288.0,3193039.0,122578000.0,42031247.0,3655049.0,373450.0,2653434.0,79695531.0,14760094.0,4209488.0,3283400.0,59739052.0,37824487.0,10019610.0,3820546.0,23057662.0,146857000.0,2846108.0,5195833.0,7884218.0,1995196.0,8436489.0,52969595.0,244499000.0,38480649.0
29,1989.0,32270948.0,16814416.0,7619567.0,9937697.0,8876972.0,6981766.0,146502972.0,1270274.0,27276781.0,6646912.0,1118650000.0,3043827.0,777420.0,78751283.0,5132594.0,38827764.0,1568131.0,4964371.0,57943062.0,57076711.0,10089498.0,5686200.0,10481719.0,180201630.0,3511009.0,252852.0,4518000.0,56671781.0,3349627.0,123069000.0,42449038.0,3684255.0,377100.0,2666955.0,81247182.0,14848907.0,4226901.0,3299200.0,61265260.0,37961529.0,10005000.0,3927802.0,23161458.0,147721000.0,2930901.0,5298979.0,7893787.0,1996351.0,8492964.0,53848956.0,246819000.0,39628575.0
30,1990.0,32755901.0,17065128.0,7677850.0,9967379.0,8718289.0,7130142.0,149143223.0,1305696.0,27691138.0,6715519.0,1135185000.0,3121706.0,788351.0,79433029.0,5140939.0,38867322.0,1569174.0,4986431.0,58261012.0,57247586.0,10196792.0,5704500.0,10373988.0,183501098.0,3513974.0,254826.0,4660000.0,56719240.0,3621908.0,123478000.0,42869283.0,3697838.0,381850.0,2663151.0,82820170.0,14951510.0,4241473.0,3329800.0,62854666.0,38110782.0,9983218.0,4035747.0,23201835.0,147969406.0,3047132.0,5399726.0,7897937.0,1998161.0,8558835.0,54738329.0,249623000.0,40746268.0
31,1991.0,33230294.0,17284036.0,7754891.0,10004486.0,8632367.0,7280289.0,151724256.0,1341756.0,28037420.0,6799978.0,1150780000.0,3202176.0,798944.0,80013896.0,5154298.0,38966376.0,1561314.0,5013740.0,58554242.0,57424897.0,10319927.0,5752000.0,10373400.0,186778238.0,3534235.0,257797.0,4949000.0,56758521.0,3915149.0,123964000.0,43295704.0,3704134.0,387000.0,2650581.0,84430572.0,15069798.0,4261732.0,3495100.0,64382249.0,38246193.0,9960235.0,4144364.0,23001155.0,148394216.0,3135083.0,5495077.0,7595636.0,1999429.0,8617375.0,55637434.0,252981000.0,41687898.0
32,1992.0,33693527.0,17478635.0,7840709.0,10045158.0,8540164.0,7430336.0,154275079.0,1380033.0,28371264.0,6875364.0,1164970000.0,3284258.0,810341.0,80624598.0,5171370.0,39157685.0,1533091.0,5041992.0,58846584.0,57580402.0,10399061.0,5800500.0,10369341.0,190043744.0,3558430.0,261057.0,5123000.0,56797087.0,4127693.0,124425000.0,43747962.0,3700114.0,392175.0,2614338.0,86044809.0,15184166.0,4286401.0,3531700.0,65926125.0,38363667.0,9952494.0,4253600.0,22794284.0,148538197.0,3230698.0,5585609.0,7604063.0,1996498.0,8668067.0,56528834.0,256514000.0,42443509.0
33,1993.0,34152717.0,17634808.0,7905633.0,10084475.0,8472313.0,7579195.0,156794577.0,1420115.0,28684764.0,6938265.0,1178440000.0,3367434.0,826034.0,81156363.0,5188628.0,39361262.0,1494128.0,5066447.0,59103094.0,57718614.0,10460415.0,5901000.0,10357523.0,193305168.0,3576261.0,263725.0,5261000.0,56831821.0,4348020.0,124829000.0,44194628.0,3682613.0,397475.0,2563290.0,87653807.0,15290368.0,4311991.0,3572200.0,67530621.0,38461408.0,9964675.0,4362696.0,22763280.0,148458777.0,3313471.0,5659957.0,7614328.0,1991746.0,8718561.0,57408198.0,259919000.0,43297156.0
34,1994.0,34613491.0,17805468.0,7936118.0,10115603.0,8443591.0,7727322.0,159265006.0,1460023.0,29000663.0,6993795.0,1191835000.0,3451122.0,844667.0,81438348.0,5206180.0,39549108.0,1462514.0,5088333.0,59324863.0,57865745.0,10512922.0,6035400.0,10343355.0,196591828.0,3590386.0,266021.0,5399000.0,56843400.0,4561406.0,125178000.0,44641540.0,3657144.0,402925.0,2520742.0,89259205.0,15382838.0,4336613.0,3620000.0,69019291.0,38542652.0,9991525.0,4471417.0,22730211.0,148407912.0,3419048.0,5714129.0,7622711.0,1989443.0,8780745.0,58260854.0,263126000.0,44004139.0
35,1995.0,35070020.0,18004882.0,7948278.0,10136811.0,8406067.0,7874676.0,161735073.0,1498836.0,29302311.0,7040687.0,1204855000.0,3535176.0,862695.0,81678051.0,5233373.0,39724050.0,1436634.0,5107790.0,59541294.0,58019030.0,10562153.0,6156100.0,10328965.0,199888057.0,3608841.0,267468.0,5545000.0,56844303.0,4752096.0,125472000.0,45092991.0,3629102.0,408625.0,2485056.0,90862455.0,15459006.0,4359184.0,3673400.0,70546246.0,38594998.0,10026176.0,4579806.0,22684270.0,148375787.0,3524506.0,5762131.0,7628264.0,1989872.0,8826939.0,59098232.0,266278000.0,44541554.0
36,1996.0,35513793.0,18224767.0,7959017.0,10156637.0,8362826.0,8021736.0,164202549.0,1535914.0,29610218.0,7071850.0,1217550000.0,3619013.0,880290.0,81914831.0,5263074.0,39889852.0,1415594.0,5124573.0,59754504.0,58166950.0,10608800.0,6435500.0,10311238.0,203204348.0,3637510.0,268916.0,5692000.0,56860281.0,4912516.0,125757000.0,45524681.0,3601613.0,414225.0,2457222.0,92452702.0,15530498.0,4381336.0,3732000.0,72190242.0,38624370.0,10063945.0,4687543.0,22619004.0,148160129.0,3670704.0,5805286.0,7622185.0,1988628.0,8840998.0,59920064.0,269394000.0,45123018.0
37,1997.0,35947791.0,18423037.0,7968041.0,10181245.0,8312068.0,8167900.0,166661659.0,1571691.0,29905948.0,7088906.0,1230075000.0,3701711.0,897568.0,82034771.0,5284991.0,40057389.0,1399535.0,5139835.0,59968066.0,58316954.0,10661259.0,6489300.0,10290486.0,206536095.0,3674171.0,271128.0,5836000.0,56890372.0,5046285.0,126057000.0,45953580.0,3575137.0,419450.0,2432851.0,94021207.0,15610650.0,4405157.0,3781300.0,73908810.0,38649660.0,10108977.0,4794412.0,22553978.0,147915361.0,3796038.0,5844578.0,7598538.0,1985956.0,8846062.0,60724584.0,272657000.0,45666838.0
38,1998.0,36372860.0,18607584.0,7976789.0,10203008.0,8256786.0,8313394.0,169159655.0,1606899.0,30155173.0,7110001.0,1241935000.0,3782838.0,914548.0,82047195.0,5304219.0,40223509.0,1386156.0,5153498.0,60190684.0,58487141.0,10720509.0,6543700.0,10266570.0,209826788.0,3712696.0,274047.0,5971000.0,56906744.0,5164284.0,126400000.0,46286503.0,3549331.0,424700.0,2410019.0,95575245.0,15707209.0,4431464.0,3815000.0,75791024.0,38663481.0,10160196.0,4900025.0,22507344.0,147670784.0,3927213.0,5880781.0,7567745.0,1981629.0,8850974.0,61522630.0,275854000.0,46223880.0
39,1999.0,36794682.0,18812264.0,7992324.0,10226419.0,8210624.0,8459806.0,171641543.0,1641997.0,30401286.0,7143991.0,1252735000.0,3862101.0,931234.0,82100243.0,5321799.0,40386875.0,1390244.0,5165474.0,60501986.0,58682466.0,10761698.0,6606500.0,10237530.0,213004668.0,3754786.0,277381.0,6125000.0,56916317.0,5276444.0,126631000.0,46616677.0,3524238.0,430475.0,2390482.0,97115707.0,15812088.0,4461913.0,3835100.0,77753257.0,38660271.0,10217828.0,5003135.0,22472040.0,147214776.0,3958723.0,5913900.0,7540401.0,1983045.0,8857874.0,62299043.0,279040000.0,46730335.0
40,2000.0,37213984.0,19028802.0,8011566.0,10251250.0,8170172.0,8606326.0,174018282.0,1677382.0,30685730.0,7184250.0,1262645000.0,3937739.0,947667.0,82211508.0,5339616.0,40567864.0,1396985.0,5176209.0,60918661.0,58892514.0,10805808.0,6665000.0,10210971.0,216077790.0,3805174.0,281205.0,6289000.0,56942108.0,5386945.0,126843000.0,47008111.0,3499536.0,436300.0,2367550.0,98625552.0,15925513.0,4490967.0,3857700.0,79625397.0,38258629.0,10289898.0,5100868.0,22442971.0,146596869.0,4027887.0,5943366.0,7516346.0,1988925.0,8872109.0,63007815.0,282162411.0,47159719.0
41,2001.0,37624825.0,19274701.0,8042293.0,10286570.0,8009142.0,8752736.0,176301203.0,1712254.0,31020855.0,7229854.0,1271850000.0,4008947.0,964127.0,82349925.0,5358783.0,40850412.0,1388115.0,5188008.0,61364377.0,59119673.0,10862132.0,6714300.0,10187576.0,219097902.0,3866243.0,284968.0,6439000.0,56974100.0,5498894.0,127149000.0,47370164.0,3470818.0,441525.0,2337170.0,100099099.0,16046180.0,4513751.0,3880500.0,81401488.0,38248076.0,10362722.0,5187689.0,22131970.0,145976482.0,4138012.0,5968060.0,7503433.0,1992060.0,8895960.0,63651141.0,284968955.0,47566800.0
42,2002.0,38029349.0,19495210.0,8081957.0,10332785.0,7837161.0,8900355.0,178503484.0,1744763.0,31359199.0,7284753.0,1280400000.0,4075705.0,981440.0,82488495.0,5375931.0,41431558.0,1379350.0,5200598.0,61812142.0,59370479.0,10902022.0,6744100.0,10158608.0,222088495.0,3931947.0,287523.0,6570000.0,57059007.0,5616066.0,127445000.0,47644736.0,3443067.0,446175.0,2310173.0,101548624.0,16148929.0,4538159.0,3948500.0,83068889.0,38230364.0,10419631.0,5261328.0,21730496.0,145306497.0,4175950.0,5986631.0,7500031.0,1994530.0,8924958.0,64266437.0,287625193.0,48019415.0
43,2003.0,38424282.0,19720737.0,8121423.0,10376133.0,7775327.0,9050700.0,180622688.0,1775736.0,31642461.0,7339001.0,1288400000.0,4138784.0,999590.0,82534176.0,5390574.0,42187645.0,1370720.0,5213014.0,62249855.0,59647577.0,10928070.0,6730800.0,10129552.0,225048008.0,3996521.0,289521.0,6689700.0,57313203.0,5741828.0,127718000.0,47892330.0,3415213.0,451630.0,2287955.0,102978515.0,16225302.0,4564855.0,4027200.0,84731835.0,38204570.0,10458821.0,5326436.0,21574326.0,144648618.0,4114826.0,5998599.0,7480591.0,1995733.0,8958229.0,64868166.0,290107933.0,48500348.0
44,2004.0,38815916.0,19932722.0,8171966.0,10421137.0,7716860.0,9204287.0,182675143.0,1807146.0,31938807.0,7389625.0,1296075000.0,4200078.0,1017875.0,82516260.0,5404523.0,42921895.0,1362550.0,5228172.0,62707588.0,59987905.0,10955141.0,6783500.0,10107146.0,227926649.0,4070262.0,292074.0,6809000.0,57685327.0,5882061.0,127761000.0,48082519.0,3377075.0,458095.0,2263122.0,104394131.0,16281779.0,4591910.0,4087500.0,86394504.0,38182222.0,10483861.0,5388175.0,21451748.0,144067316.0,4166664.0,6004671.0,7463157.0,1997012.0,8993531.0,65452047.0,292805298.0,48991421.0
45,2005.0,39216789.0,20176844.0,8227829.0,10478617.0,7658972.0,9360754.0,184688101.0,1839877.0,32242732.0,7437115.0,1303720000.0,4261240.0,1036151.0,82469422.0,5419432.0,43653155.0,1354775.0,5246096.0,63180854.0,60401206.0,10987314.0,6813200.0,10087065.0,230871650.0,4159914.0,296734.0,6930100.0,57969484.0,6029587.0,127773000.0,48184561.0,3322528.0,465158.0,2238799.0,105811504.0,16319868.0,4623291.0,4133900.0,88015962.0,38165445.0,10503330.0,5448097.0,21319685.0,143518814.0,4265762.0,6005578.0,7440769.0,2000474.0,9029572.0,66017420.0,295516599.0,49490033.0
46,2006.0,39622115.0,20450966.0,8268641.0,10547958.0,7601022.0,9521689.0,186653106.0,1874516.0,32571193.0,7483934.0,1311020000.0,4321340.0,1054418.0,82376451.0,5437272.0,44397319.0,1346810.0,5266268.0,63622342.0,60846820.0,11020362.0,6857100.0,10071370.0,233951652.0,4273591.0,303782.0,7053700.0,58143979.0,6427371.0,127854000.0,48438292.0,3269909.0,472637.0,2218357.0,107253666.0,16346101.0,4660677.0,4184600.0,89508986.0,38141267.0,10522288.0,5505148.0,21193760.0,143049637.0,4401365.0,6002319.0,7411569.0,2006868.0,9080505.0,66567687.0,298379912.0,49998277.0
47,2007.0,40016763.0,20827622.0,8295487.0,10625700.0,7545338.0,9685960.0,188552320.0,1911201.0,32888886.0,7551117.0,1317885000.0,4380248.0,1072714.0,82266372.0,5461438.0,45226803.0,1340680.0,5288720.0,64016890.0,61322463.0,11048473.0,6916300.0,10055780.0,237062337.0,4398942.0,311566.0,7180100.0,58438310.0,6827227.0,128001000.0,48683638.0,3231294.0,479993.0,2200325.0,108774360.0,16381696.0,4709153.0,4223800.0,91075184.0,38120560.0,10542964.0,5559386.0,20882982.0,142805114.0,4588599.0,6009824.0,7381579.0,2018122.0,9148092.0,67102394.0,301231207.0,50528584.0
48,2008.0,40424148.0,21249199.0,8321496.0,10709973.0,7492561.0,9850858.0,190367302.0,1949970.0,33247298.0,7647675.0,1324655000.0,4440056.0,1091026.0,82110097.0,5493621.0,45954106.0,1337090.0,5313399.0,64375116.0,61806995.0,11077841.0,6957800.0,10038188.0,240157903.0,4489544.0,317414.0,7308800.0,58826731.0,6989866.0,128063000.0,49054708.0,3198231.0,488650.0,2177322.0,110374288.0,16445593.0,4768212.0,4259800.0,92699095.0,38125759.0,10558177.0,5613574.0,20537875.0,142742366.0,4839396.0,6029297.0,7350222.0,2021316.0,9219637.0,67619830.0,304093966.0,51114599.0
49,2009.0,40854831.0,21691653.0,8343323.0,10796493.0,7444443.0,10016275.0,192079951.0,1990673.0,33630069.0,7743831.0,1331260000.0,4499791.0,1109371.0,81902307.0,5523095.0,46362946.0,1334515.0,5338871.0,64706436.0,62276270.0,11107017.0,6972800.0,10022650.0,243220028.0,4535375.0,318499.0,7485600.0,59095365.0,7141753.0,128047000.0,49307835.0,3162916.0,497783.0,2141669.0,111999721.0,16530388.0,4828726.0,4302600.0,94384250.0,38151603.0,10568247.0,5671236.0,20367487.0,142785348.0,4987573.0,6048279.0,7320807.0,2039669.0,9298515.0,68121080.0,306771529.0,51728516.0
50,2010.0,41288694.0,22031750.0,8363404.0,10895586.0,7395599.0,10182345.0,193701929.0,2033111.0,34005902.0,7824909.0,1337705000.0,4555962.0,1127816.0,81776930.0,5547683.0,46576897.0,1331475.0,5363352.0,65026211.0,62766365.0,11121341.0,7024200.0,10000023.0,246305322.0,4560155.0,318041.0,7623600.0,59277417.0,7297043.0,128070000.0,49554112.0,3097282.0,506953.0,2097555.0,113623895.0,16615394.0,4889252.0,4350700.0,96337125.0,38042794.0,10573100.0,5737971.0,20246871.0,142849468.0,5076732.0,6068249.0,7291436.0,2048583.0,9378126.0,68579447.0,309327143.0,52344051.0
51,2011.0,41730660.0,22340024.0,8391643.0,11038264.0,7348328.0,10348929.0,195284734.0,2073535.0,34339221.0,7912398.0,1345035000.0,4609833.0,1146493.0,80274983.0,5570572.0,46742697.0,1327439.0,5388272.0,65340830.0,63258810.0,11104899.0,7071600.0,9971727.0,249470032.0,4580084.0,319014.0,7765800.0,59379449.0,7480424.0,127833000.0,49936638.0,3028115.0,518347.0,2059709.0,115243504.0,16693074.0,4953088.0,4384000.0,98248614.0,38063255.0,10557560.0,5814626.0,20147528.0,143018195.0,5183688.0,6090127.0,7236519.0,2052843.0,9449213.0,69007208.0,311583481.0,52995205.0
52,2012.0,42161721.0,22733465.0,8429991.0,11106932.0,7305888.0,10515807.0,196876111.0,2108617.0,34713395.0,7996861.0,1354190000.0,4663934.0,1165397.0,80425823.0,5591572.0,46773055.0,1322696.0,5413971.0,65657659.0,63700215.0,11045011.0,7150100.0,9920362.0,252698525.0,4599533.0,320716.0,7910500.0,59539717.0,7587127.0,127629000.0,50199853.0,2987773.0,530946.0,2034319.0,116818208.0,16754962.0,5018573.0,4408100.0,100175512.0,38063164.0,10514844.0,5897008.0,20058035.0,143378447.0,5312437.0,6113975.0,7201497.0,2057159.0,9519374.0,69436098.0,313877662.0,53782567.0
53,2013.0,42582455.0,23128129.0,8479823.0,11159407.0,7265115.0,10682608.0,198478299.0,2140682.0,35080992.0,8089346.0,1363240000.0,4716147.0,1183895.0,80645605.0,5614932.0,46620045.0,1317997.0,5438972.0,65997932.0,64128273.0,10965211.0,7178900.0,9893082.0,255852467.0,4623816.0,323764.0,8059500.0,60233948.0,7991809.0,127445000.0,50428893.0,2957689.0,543360.0,2012647.0,118343573.0,16804432.0,5079623.0,4442100.0,102076336.0,38040196.0,10457295.0,5982445.0,19983693.0,143805638.0,5399162.0,6138839.0,7166553.0,2059953.0,9600379.0,69845114.0,316059947.0,54678791.0
54,2014.0,43024071.0,23475686.0,8546356.0,11209057.0,7223938.0,10848888.0,200085127.0,2172044.0,35434066.0,8188649.0,1371860000.0,4767119.0,1201801.0,80982500.0,5643475.0,46480882.0,1314545.0,5461512.0,66312067.0,64602298.0,10892413.0,7229500.0,9866468.0,258877399.0,4657740.0,327386.0,8215700.0,60789140.0,8791710.0,127276000.0,50746659.0,2932367.0,556319.0,1993782.0,119784261.0,16865008.0,5137232.0,4516500.0,103767130.0,38011735.0,10401062.0,6069811.0,19908979.0,144237223.0,5469724.0,6162955.0,7131787.0,2061980.0,9696110.0,70216367.0,318386329.0,55594838.0
55,2015.0,43477012.0,23815995.0,8642699.0,11274196.0,7177991.0,11014705.0,201675532.0,2203273.0,35704498.0,8282396.0,1379860000.0,4818038.0,1219502.0,81686611.0,5683483.0,46444832.0,1315407.0,5479531.0,66548272.0,65116219.0,10820883.0,7291300.0,9843028.0,261799249.0,4701957.0,330815.0,8380100.0,60730582.0,9544729.0,127141000.0,51014947.0,2904910.0,569604.0,1977527.0,121072306.0,16939923.0,5188607.0,4609400.0,105312992.0,37986412.0,10358076.0,6159103.0,19815616.0,144640716.0,5535002.0,6183676.0,7095383.0,2063531.0,9799186.0,70540795.0,320738994.0,56723537.0
56,2016.0,43900313.0,24190907.0,8736668.0,11331422.0,7127822.0,11180020.0,203218114.0,2234776.0,36110803.0,8373338.0,1387790000.0,4866998.0,1237112.0,82348669.0,5728010.0,46484062.0,1315790.0,5495303.0,66724104.0,65611593.0,10775971.0,7336600.0,9814023.0,264627418.0,4755335.0,335439.0,8546000.0,60627498.0,10006367.0,127076000.0,51217803.0,2868231.0,582014.0,1959537.0,122251351.0,17030314.0,5234519.0,4714100.0,106735719.0,37970087.0,10325452.0,6249126.0,19702267.0,145015460.0,5607283.0,6200800.0,7058322.0,2065042.0,9923085.0,70859841.0,323071755.0,57259551.0
57,2017.0,44288894.0,24592588.0,8797566.0,11375158.0,7075947.0,11344587.0,204703445.0,2266747.0,36545075.0,8451840.0,1396215000.0,4913177.0,1254275.0,82657002.0,5764980.0,46593236.0,1317384.0,5508214.0,66918020.0,66058859.0,10754679.0,7393200.0,9787966.0,267346658.0,4807388.0,343400.0,8713300.0,60536709.0,10234226.0,126972000.0,51361911.0,2828403.0,596336.0,1942248.0,123400057.0,17131296.0,5276968.0,4813600.0,108119693.0,37974826.0,10300300.0,6338660.0,19588715.0,145293260.0,5612253.0,6213533.0,7020858.0,2066388.0,10057698.0,71160187.0,325122128.0,57635162.0
58,2018.0,44654882.0,24963258.0,8840521.0,11427054.0,7025037.0,11508368.0,206107261.0,2299141.0,37072620.0,8514329.0,1402760000.0,4957818.0,1270737.0,82905782.0,5793636.0,46797754.0,1321977.0,5515525.0,67158348.0,66460344.0,10732882.0,7452600.0,9775564.0,269951846.0,4867316.0,352721.0,8882800.0,60421760.0,10462306.0,126811000.0,51585058.0,2801543.0,607950.0,1927174.0,124573711.0,17231624.0,5311916.0,4900600.0,109465287.0,37974750.0,10283822.0,6427382.0,19473970.0,145398106.0,5638676.0,6219807.0,6982604.0,2073894.0,10175214.0,71376079.0,326838199.0,58613001.0
59,2019.0,44973465.0,25334826.0,8879920.0,11488980.0,6975761.0,11671386.0,207455459.0,2332083.0,37618495.0,8575280.0,1407745000.0,4999553.0,1286671.0,83092962.0,5814422.0,47134837.0,1326898.0,5521606.0,67382061.0,66836327.0,10721582.0,7507900.0,9771141.0,272489381.0,4934340.0,360563.0,9054000.0,59729081.0,10671891.0,126633000.0,51764822.0,2794137.0,620001.0,1913822.0,125762982.0,17344874.0,5347896.0,4979200.0,110804683.0,37965475.0,10286263.0,6515058.0,19371648.0,145453291.0,5703569.0,6222318.0,6945235.0,2088385.0,10278887.0,71522271.0,328329953.0,59587885.0
60,2020.0,45191965.0,25649248.0,8916864.0,11538604.0,6934015.0,11816299.0,208660842.0,2365894.0,38028638.0,8638167.0,1411100000.0,5034320.0,1302247.0,83160871.0,5831404.0,47365655.0,1329522.0,5529543.0,67601110.0,67081234.0,10698599.0,7481000.0,9750149.0,274814866.0,4985382.0,366463.0,9215100.0,59438851.0,10865228.0,126261000.0,51836239.0,2794885.0,630419.0,1900449.0,126799054.0,17441500.0,5379475.0,5090200.0,112081264.0,37899070.0,10297081.0,6603739.0,19265250.0,145245148.0,5685807.0,6234673.0,6899126.0,2102419.0,10353442.0,71641484.0,331526933.0,60562381.0
61,2021.0,45312281.0,25685412.0,8955797.0,11586195.0,6877743.0,11937360.0,209550294.0,2401441.0,38239864.0,8704546.0,1412360000.0,5059988.0,1317309.0,83196078.0,5856733.0,47415794.0,1330932.0,5541017.0,67842811.0,67026292.0,10569207.0,7413100.0,9709891.0,276758053.0,5033164.0,372520.0,9371400.0,59133173.0,11066356.0,125681593.0,51769539.0,2800839.0,640064.0,1884490.0,127648148.0,17533044.0,5408320.0,5111300.0,113100950.0,36981559.0,10361831.0,6684182.0,19122059.0,144746762.0,5453566.0,6255782.0,6834326.0,2108079.0,10415811.0,71727332.0,332048977.0,61502603.0
62,2022.0,45407904.0,26014399.0,9041851.0,11680210.0,6643324.0,12077154.0,210306415.0,2439892.0,38939056.0,8777088.0,1412175000.0,5081765.0,1331370.0,83797985.0,5903037.0,47759127.0,1348840.0,5556106.0,68065015.0,67791000.0,10436882.0,7346100.0,9644377.0,278830529.0,5165700.0,382003.0,9557500.0,59013667.0,11256263.0,125124989.0,51672569.0,2831639.0,653103.0,1879383.0,128613117.0,17700982.0,5457127.0,5117200.0,113964338.0,36821749.0,10434332.0,6760464.0,19048502.0,144236933.0,5637022.0,6280319.0,6664449.0,2112076.0,10486941.0,71735329.0,333271411.0,62378410.0
63,2023.0,45538401.0,26658948.0,9131761.0,11787423.0,6446596.0,12244159.0,211140729.0,2480244.0,40097761.0,8888093.0,1410710000.0,5105525.0,1344976.0,83280000.0,5946952.0,48347910.0,1370286.0,5583911.0,68287487.0,68350000.0,10405588.0,7536100.0,9592186.0,281190067.0,5307600.0,393349.0,9756600.0,58993475.0,11439213.0,124516650.0,51712619.0,2871585.0,666430.0,1877445.0,129739759.0,17877117.0,5519594.0,5223100.0,114891199.0,36687353.0,10578174.0,6844146.0,19059479.0,143826130.0,5917648.0,6309624.0,6623183.0,2120461.0,10536632.0,71702435.0,334914895.0,63212384.0
63,2024.0,45538401.0,26658948.0,9131761.0,11787423.0,6446596.0,12244159.0,211140729.0,2480244.0,40097761.0,8888093.0,1410710000.0,5105525.0,1344976.0,83280000.0,5946952.0,48347910.0,1370286.0,5583911.0,68287487.0,68350000.0,10405588.0,7536100.0,9592186.0,281190067.0,5307600.0,393349.0,9756600.0,58993475.0,11439213.0,124516650.0,51712619.0,2871585.0,666430.0,1877445.0,129739759.0,17877117.0,5519594.0,5223100.0,114891199.0,36687353.0,10578174.0,6844146.0,19059479.0,143826130.0,5917648.0,6309624.0,6623183.0,2120461.0,10536632.0,71702435.0,334914895.0,63212384.0
